160,192,0,1,0,0:0:0:0:
224,192,600,128,0,1200:0:0:0:0:
224,192,1200,128,0,1800:0:0:0:0:
416,192,2400,1,0,0:0:0:0:
480,192,3000,128,0,3600:0:0:0:0:
480,192,3600,128,0,4200:0:0:0:0:
96,192,4800,128,0,5400:0:0:0:0:
32,192,5400,128,0,6000:0:0:0:0:
224,192,6000,128,0,6600:0:0:0:0:
352,192,7200,128,0,7800:0:0:0:0:
288,192,7800,128,0,8400:0:0:0:0:
480,192,8400,128,0,9000:0:0:0:0:
96,192,9600,1,0,0:0:0:0:
32,192,10200,1,0,0:0:0:0:
224,192,10500,1,0,0:0:0:0:
96,192,10800,128,0,11400:0:0:0:0:
352,192,12000,1,0,0:0:0:0:
288,192,12600,1,0,0:0:0:0:
480,192,12900,1,0,0:0:0:0:
352,192,13200,128,0,13800:0:0:0:0:
32,192,14400,1,0,0:0:0:0:
160,192,14700,1,0,0:0:0:0:
224,192,15300,1,0,0:0:0:0:
96,192,15600,128,0,16200:0:0:0:0:
288,192,16800,1,0,0:0:0:0:
416,192,17100,1,0,0:0:0:0:
480,192,17700,1,0,0:0:0:0:
352,192,18000,128,0,18600:0:0:0:0:
32,192,19200,1,0,0:0:0:0:
160,192,19500,1,0,0:0:0:0:
224,192,19800,128,0,20700:0:0:0:0:
288,192,21600,1,0,0:0:0:0:
416,192,21900,1,0,0:0:0:0:
480,192,22200,128,0,23100:0:0:0:0:
96,192,24000,1,0,0:0:0:0:
160,192,24300,1,0,0:0:0:0:
32,192,24600,128,0,25500:0:0:0:0:
352,192,26400,1,0,0:0:0:0:
416,192,26700,1,0,0:0:0:0:
288,192,27000,128,0,27900:0:0:0:0:
160,192,28800,1,0,0:0:0:0:
32,192,29100,1,0,0:0:0:0:
96,192,29400,128,0,30300:0:0:0:0:
416,192,31200,1,0,0:0:0:0:
288,192,31500,1,0,0:0:0:0:
352,192,31800,128,0,32700:0:0:0:0:
160,192,33300,1,0,0:0:0:0:
32,192,33600,1,0,0:0:0:0:
96,192,33900,1,0,0:0:0:0:
32,192,34500,1,0,0:0:0:0:
160,192,34575,1,0,0:0:0:0:
224,192,34800,128,0,35400:0:0:0:0:
416,192,35700,1,0,0:0:0:0:
288,192,36000,1,0,0:0:0:0:
352,192,36300,1,0,0:0:0:0:
288,192,36900,1,0,0:0:0:0:
416,192,36975,1,0,0:0:0:0:
480,192,37200,128,0,37800:0:0:0:0:
96,192,38400,128,0,39000:0:0:0:0:
224,192,39000,128,0,39600:0:0:0:0:
32,192,39600,128,0,40200:0:0:0:0:
352,192,40800,128,0,41400:0:0:0:0:
480,192,41400,128,0,42000:0:0:0:0:
288,192,42000,128,0,42600:0:0:0:0:
96,192,43200,1,0,0:0:0:0:
224,192,43800,1,0,0:0:0:0:
32,192,44400,1,0,0:0:0:0:
160,192,44550,1,0,0:0:0:0:
32,192,44700,1,0,0:0:0:0:
224,192,45000,1,0,0:0:0:0:
352,192,45600,1,0,0:0:0:0:
480,192,46200,1,0,0:0:0:0:
288,192,46800,1,0,0:0:0:0:
416,192,46950,1,0,0:0:0:0:
288,192,47100,1,0,0:0:0:0:
480,192,47400,1,0,0:0:0:0:
96,192,48000,128,0,48600:0:0:0:0:
224,192,48600,128,0,49200:0:0:0:0:
160,192,49200,128,0,49800:0:0:0:0:
352,192,50400,128,0,51000:0:0:0:0:
480,192,51000,128,0,51600:0:0:0:0:
416,192,51600,128,0,52200:0:0:0:0:
96,192,52800,128,0,54600:0:0:0:0:
352,192,55200,128,0,57000:0:0:0:0:
96,192,57600,1,0,0:0:0:0:
32,192,57900,1,0,0:0:0:0:
160,192,58200,128,0,59400:0:0:0:0:
352,192,60000,1,0,0:0:0:0:
288,192,60300,1,0,0:0:0:0:
416,192,60600,128,0,61800:0:0:0:0:
160,192,62100,1,0,0:0:0:0:
32,192,62400,1,0,0:0:0:0:
96,192,62700,1,0,0:0:0:0:
32,192,63300,1,0,0:0:0:0:
160,192,63375,1,0,0:0:0:0:
224,192,63600,128,0,64200:0:0:0:0:
416,192,64500,1,0,0:0:0:0:
288,192,64800,1,0,0:0:0:0:
352,192,65100,1,0,0:0:0:0:
288,192,65700,1,0,0:0:0:0:
416,192,65775,1,0,0:0:0:0:
480,192,66000,128,0,66600:0:0:0:0:
160,192,67200,1,0,0:0:0:0:
224,192,67500,1,0,0:0:0:0:
96,192,67800,1,0,0:0:0:0:
224,192,68100,1,0,0:0:0:0:
32,192,68400,128,0,69000:0:0:0:0:
416,192,69600,1,0,0:0:0:0:
480,192,69900,1,0,0:0:0:0:
352,192,70200,1,0,0:0:0:0:
480,192,70500,1,0,0:0:0:0:
288,192,70800,128,0,71400:0:0:0:0:
160,192,71700,1,0,0:0:0:0:
32,192,72000,1,0,0:0:0:0:
96,192,72300,1,0,0:0:0:0:
32,192,72900,1,0,0:0:0:0:
160,192,72975,1,0,0:0:0:0:
224,192,73200,128,0,73800:0:0:0:0:
416,192,74100,1,0,0:0:0:0:
288,192,74400,1,0,0:0:0:0:
352,192,74700,1,0,0:0:0:0:
288,192,75300,1,0,0:0:0:0:
416,192,75375,1,0,0:0:0:0:
480,192,75600,128,0,76200:0:0:0:0: